0.00222702015034999994	358.320834476799988
0.00238609299856000013	354.430696875999999
0.0025451658426999999	351.556775821499983
0.00270423868249999996	345.619838484059983
0.00286331151767999989	340.640493470019919
0.0030223843479800002	333.606382265840068
0.00318145717312999987	328.433461232740008
0.0033405299928500002	322.447288088639994
0.00349960280687000016	316.052628964680007
0.00365867561492000002	308.775163325180003
0.00381774841673999986	302.647082049820007
0.00397682121202999964	297.163014741559987
0.00413589400055000035	289.931571234659993
0.00429496678201000005	283.564309923299986
0.0044540395561500001	278.108171709380001
0.00461311232267999985	271.848778055399938
0.00477218508134999962	266.403627811927983
0.0049312578318800003	260.196170818551998
0.00509033057399999999	254.207080094040045
0.00524940330742999957	248.505336532518026
0.00540847603191000042	242.296707798615999
0.00556754874715999996	236.78345127155602
0.00572662145292000043	231.024614160540027
0.00588569414891000012	225.097331837757975
0.00604476683485999974	220.03844859229998
0.00620383951049999997	214.391066560794028
0.00636291217555999978	209.610499789588033
0.00652198482976000006	204.081732718254016
0.00668105747283999959	198.934879999125984
0.00684013010452000011	193.499723901022017
0.00699920272452999974	188.065739770219971
0.00715827533260999984	182.985122781921996
0.00731734792846999976	177.929381367438015
0.00747642051185999981	173.185264054014029
0.00763549308249000022	168.070125516884031
0.00779456564009999974	163.234200530851977
0.00795363818441000014	158.035282570691994
0.00811271071515000039	153.277239545209973
0.00827178323205999925	148.751077546483983
0.00843085573486000023	144.228966094641996
0.00858992822326999986	139.635943466892207
0.0087490006970400002	134.930863628092606
0.00890807315588000061	130.272330557671416
0.00906714559952000003	126.080473023094592
0.00922621802769999985	121.745396719605804
0.00938529044014000009	117.393945087194612
0.00954436283656999972	113.570359255271
0.0097034352167300001	109.694374859029184
0.00986250758033000059	105.276028515002205
0.0100215799271000002	101.454234639877405
0.0101806522567999998	97.6681082262434053
0.0103397245690999995	93.8107615698226078
0.0104987968637999998	90.2765446469463948
0.0106578691406000008	86.524179658332399
0.0108169413991999995	82.9027344972847936
0.0109760136392999998	79.6296179201655883
0.0111350858607000003	76.1474114028079959
0.0112941580630999995	72.9830818098268086
0.0114532302462999995	69.8243651018043975
0.0116123024099000008	66.5278131940305987
0.0117713745538	63.4457256558980083
0.0119304466774999996	60.5185862479732006
0.0120895187808999997	57.5550543090257994
0.0122485908636000007	54.8110478260532031
0.0124076629254999994	52.0217015800234064
0.0125667349661999998	49.4140889610797981
0.0127258069855000003	46.9093988731928044
0.0128848789830999996	44.4040727486524019
0.0130439509586999999	42.0183678991163951
0.0132030229119999998	39.8753601810676011
0.0133620948427999996	37.6512269307192035
0.0135211667508999996	35.5106439627975953
0.0136802386358000003	33.4853402383253999
0.0138393104974000002	31.4475414144910001
0.0139983823354999995	29.5213434796935993
0.0141574541496000007	27.7713094318123995
0.0143165259396000003	26.0448201740174015
0.0144755977052000006	24.4173611122027978
0.0146346694461000002	22.7767657152089999
0.0147937411619999994	21.2239456065908006
0.0149528128527000002	19.7961821485157969
0.0151118845178999997	18.3638729369887985
0.0152709561572999999	17.0597504211505995
0.0154300277705999994	15.8422643701904016
0.0155890993577000002	14.7012081515031983
0.0157481709181000011	13.5904967327430193
0.0159072424516999988	12.5950690642208408
0.0160663139581000009	11.6456662475658188
0.0162253854372000003	10.7469519226907402
0.0163844568886000012	9.9151216346974385
0.0165435283120000005	9.1121393813960798
0.0167025997071999985	8.39918535372799836
0.0168616710738999989	7.71411080511440028
0.0170207424118999987	7.06179991134311998
0.0171798137208000017	6.45608716989734159
0.0173388850004000013	5.88309773129695998
0.0174979562504000013	5.37244046905166091
0.0176570274705999987	4.90492060346431946
0.0178160986607000006	4.49918835394196033
0.0179751698204000006	4.10020712818448051
0.018134240949399999	3.75468902325379983
0.0182933120474999995	3.43333133589849934
0.0184523831143999992	3.16015684833894008
0.0186114541497999983	2.92125042203725985
0.0187705251535000006	2.69870246007830034
0.0189295961251999996	2.48732644977009944
0.0190886670644999992	2.32106987607818001
0.0192477379712999996	2.16498305402397937
0.0194068088453000012	2.0262133592570799
0.0195658796862000009	1.92151256900849995
0.0197249504936999991	1.82874833998220011
0.0198840212674999996	1.75476574064276011
0.0200430920074999991	1.67886612020169983
0.0202021627132000017	1.61933135686364008
0.0203612333845000007	1.57923535683683988
0.0205203040210999998	1.56008370227805976
0.0206793746225999997	1.52438272773136006
0.0208384451889000004	1.52702077121410013
0.020997515719599999	1.53882931830858
0.021156586214599999	1.55532601230984016
0.0213156566734000012	1.56410269713189976
0.0214747270958999988	1.57367376796357985
0.0216337974816999991	1.58792705514224014
0.0217928678306999989	1.60850256613384005
0.0219519381424999986	1.6234854142106799
0.0221110084167999987	1.63804357265750005
0.0222700786533999995	1.68168680773311992
0.0224291488520000012	1.71175371097835993
0.0225882190124000008	1.73806950915395988
0.0227472891342999986	1.75619426276765982
0.0229063592172999986	1.78366372010981998
0.0230654292613000009	1.80619358385104004
0.0232244992658999991	1.8226997221661199
0.0233835692309000004	1.84473118952767998
0.0235426391560000017	1.87364806862875994
0.0237017090409999999	1.89018442580056023
0.0238607788855999987	1.9016506608697603
0.0240198486893999988	1.91315977394887986
0.0241789184523000002	1.90647561729935994
0.0243379881738999999	1.91304774442815976
0.0244970578539999984	1.92112700577680002
0.0246561274923999992	1.92234765271586018
0.0248151970886999994	1.91129004908359996
0.0249742666425999994	1.90743459868524007
0.0251333361539999994	1.89682099798988002
0.0252924056224999999	1.89044739655307994
0.0254514750478000012	1.86959060438069984
0.0256105444297000003	1.85876397586016015
0.0257696137680000006	1.83453058870941998
0.0259286830622999995	1.82497973196308012
0.0260877523124000005	1.81127387164432009
0.0262468215179000007	1.79933112324867979
0.0264058906787000003	1.75976138699625986
0.0265649597944999996	1.70995617334321997
0.0267240288648999992	1.69780296305570025
0.0268830978897999992	1.66374782122336026
0.0270421668688000001	1.63013872108230032
0.0272012358016999988	1.59088455400477977
0.027360304688199999	1.54984731558362002
0.0275193735280000011	1.51163596956051988
0.0276784423208999986	1.47393718239693984
0.0278375110665999986	1.43146976604870009
0.0279965797648000017	1.39337789787322013
0.0281556484152000012	1.36235810777306002
0.028314717017600001	1.3152695541946
0.0284737855717000013	1.26688658161209998
0.028632854077299999	1.22584553717591984
0.0287919225340000015	1.17961677681292008
0.0289509909415999987	1.13865786804231984
0.0291100592998000014	1.10096818342320004
0.0292691276083999995	1.06163558394726006
0.0294281958670000003	1.02029096908490003
0.0295872640755000006	0.98989346632183993
0.0297463322335000009	0.9515079530462602
0.0299054003407000016	0.911958814340199916
0.0300644683968999994	0.873957553550940031
0.0302235364019000016	0.839006129677860053
0.0303826043552999983	0.805930188903339905
0.0305416722569000001	0.767725227257699969
0.0307007401064000006	0.729915325627460063
0.0308598079035	0.701712550472159958
0.0310188756479999987	0.67912892674609994
0.0311779433396000005	0.655871518945880035
0.0313370109779999989	0.62512754926166008
0.0314960785629000012	0.595539908453139963
0.0324279916980999977	0.578075456191400102
0.0333287470660000029	0.476563091251239999
0.0342295006111	0.410754224368020046
0.0351302522839999978	0.370485956474300014
0.0360310020354999982	0.349172160909019983
0.036931749816400003	0.337622010612680039
0.0378324955773000002	0.329355567966300038
0.0387332392689999985	0.318653892871839955
0.0396339808422999998	0.30848228814233996
0.0405347202477999991	0.294144418080759983
0.0414354574364000014	0.273755792559779987
0.0423361923589000016	0.251452400820079969
0.0432369249657999985	0.225011916815080037
0.044137655207999997	0.19941606748791996
0.0450383830362000026	0.176884289762860025
0.0459391084012999995	0.157666271119639993
0.0468398312538000003	0.140067461947380033
0.0477405515446000031	0.127113729560820014
0.0486412692245000028	0.116531958884820012
0.0495419842441000013	0.109143410196239998
0.0504426965542000005	0.10378453328588
0.0513434061056999985	0.099593514296039971
0.0522441128491000009	0.095107614593840003
0.0531448167354000023	0.090534597602200005
0.0540455177151999977	0.08597271371659998
0.0549462157393000028	0.081450859633860005
0.0558469107584999985	0.077218516442200003
0.0567476027234000008	0.072830758632959996
0.0576482915849999972	0.0670980921295199935
0.0585489772938999967	0.0627125620466200094
0.059449659800900001	0.058667762520420004
0.0603503390567000017	0.0545079625789200023
0.0612510150121999969	0.051297143250579982
0.0621516876180000025	0.0487737618813599994
0.0630523568250000027	0.0461643317791800012
0.0639530225839999994	0.0444174224035799991
0.0648536848456000015	0.0420015445972000048
0.0657543435606999932	0.0396276317413799938
0.0666549986799999938	0.0377615623305000009
0.0675556501541999949	0.0359339132591400007
0.0684562979342999978	0.0342332761467600069
0.0693569419709000046	0.032891710463559997
0.0702575822147999962	0.0309333622781200034
0.0711582186167999953	0.0294479510823000019
0.0720588511276999966	0.0281790619384600077
0.0729594796982000054	0.0268470243626799908
0.0738601042792000062	0.0255055891561800068
0.0747607248213000008	0.0245788406463200021
0.0756613412755000048	0.0238463662106400079
0.0765619535924000061	0.0227865180424800008
0.077462561722900003	0.0216464138644200006
0.0783631656177000008	0.0209848267662200143
0.0792637652275999943	0.0200722139277399944
0.0801643605034000062	0.0191934214893000055
0.0810649513960000068	0.0185884209741799932
0.0819655378559999981	0.018237642306559998
0.0828661198343999955	0.0177016381655600019
0.0837666972818000011	0.0170468045429199941
0.084667270149099999	0.0163429304025399999
0.0855678383869999948	0.0156035601126999976
0.0864684019465000037	0.0149953329340399982
0.0873689607781999999	0.0141509681194799987
0.0882695148329999957	0.0137735836247200021
0.0891700640615999962	0.01351107798034
0.090070608415000003	0.0128033949648199974
0.0909711478438000043	0.0121209291071600021
0.0918716822988999981	0.0120984029503799929
0.0927722117310999933	0.0120622820584000007
0.0936727360913000018	0.0118747208482599988
0.0945732553300999979	0.0111966064402000028
0.0954737693984999969	0.0106053378424999997
0.0963742782472999937	0.0103684352008400014
0.0972747818271999937	0.0102345417857000014
0.0981752800890999949	0.0099137682088000049
0.0990757729838000062	0.0098560822261200033
0.0999762604620999945	0.0095201463190599939
0.100876742475000003	0.0090541530747800005
0.101777218973000003	0.0085467223240199893
0.102677689907000005	0.0086323523562200008
0.103578155227999999	0.0087246524672199999
0.104478614886999999	0.0081633134296599987
0.105379068834	0.0076103331150799945
0.106279517020999997	0.0075463921269000068
0.107179959399000005	0.0075156569202000107
0.108080395917	0.0070699693847800019
0.108980826527000002	0.0069173034004799995
0.10988125118	0.0069647891773999982
0.110781669826999995	0.0069180289346599966
0.111682082417999998	0.0068557565381199975
0.112582488903999994	0.0065561299230199981
0.113482889237000006	0.0064096138984799968
0.114383283365999997	0.0064663542300999986
0.115283671244000005	0.0059139650988599985
0.116184052819999994	0.0052262410137399965
0.117084428046	0.0053384115005000073
0.117984796872000003	0.0053337429068599992
0.118885159249000005	0.0046713634010200015
0.119785515129	0.0046524992908999995
0.120685864461999998	0.0048245891999800054
0.121586207197999993	0.0044694907945800003
0.122486543289999999	0.0044662753078600036
0.123386872686999993	0.0044490974887800086
0.124287195340000004	0.0044652093179400002
0.125187511200999996	0.0041092341980999945
0.126087820220000008	0.0038686926358800014
0.126988122347999999	0.0039937099273199966
0.127888417537000004	0.003609612061720004
0.128788705735999987	0.0035478457438999963
0.129688986897000008	0.0036983724430000031
0.130589260970999987	0.0033559657841200023
0.131489527908000004	0.0031343790685200036
0.132389787659000002	0.0032056861590000017
0.133290040176999996	0.0033875912423799916
0.134190285409999999	0.0031003359064399986
0.135090523309999988	0.0024409756211200007
0.135990753829	0.0025652292672199949
0.136890976915999996	0.0031798983330000117
0.137791192523999989	0.0028323410759599921
0.138691400601999998	0.0025011761983199984
0.139591601102000001	0.0022559313951199984
0.140491793973999995	0.0022302302909199979
0.141391979169999987	0.002305044607559998
0.142292156641000006	0.0022325147470400007
0.143192326335999987	0.0021668968519199979
0.144092488207999997	0.0018319580379800009
0.144992642207000005	0.0016682075663399971
0.145892788284999991	0.0016310498468199916
0.146792926391	0.0016739964121599924
0.14769305647799999	0.0017272665843200037
0.148593178495000006	0.0015245738046800062
0.149493292393999999	0.001440990898219998
0.150393398126	0.0017548928979000001
0.151293495642000009	0.0018899313072400052
0.152193584891999994	0.0016408164593399981
0.153093665827999992	0.0013057807811600007
0.153993738401000002	0.0013744916864800033
0.154893802560999994	0.0011432172324599976
0.155793858260000001	0.0010491353340400054
0.156693905447999993	0.0008040408010600002
0.157593944077000003	0.0005399454946000016
0.158493974097000001	0.0007099762614799984
0.159393995458999987	0.0005971868168799955
0.160294008114999997	0.0008129706695399978
0.161194012014999999	0.0010950286839999969
0.162094007109999994	0.0007949160808800072
0.162993993351999988	0.0009870606686799982
0.163893970691000007	0.0007917046005200008
0.164793939077999996	0.0005800656964999994
0.165693898464000011	0.0003093248293400096
0.166593848799999999	0.0005226991043200055
0.167493790037999996	0.0005123807119999952
0.168393722127999995	0.0008896507252800032
0.169293645021	0.0008181580193799953
0.170193558668000011	0.0006069841820800035
0.171093463020000003	0.000543141008979996
0.17199335802900001	0.0005334905537599972
0.172893243643999994	0.00051192293132
0.173793119817999997	0.0001965170224800007
0.174692986501000014	-0.0001226312175600045
0.175592843644999996	-0.0000968126780000085
0.17649269119899999	-0.0001717511959199967
0.177392529116000008	-0.0000663640145999993
0.178292357345999991	0.0001098175316599954
0.179192175841000001	0.0001208520622600073
0.180091984551000006	0.0000563081999200004
0.180991783427000008	0.0002086948733999987
0.181891572420999986	0.0001186770151199966
0.182791351482999992	-0.0002229106924999946
0.183691120565000005	-0.0001587427734200016
0.184590879616999992	0.0000559411812199959
0.18549062859099999	-0.0002067821474200007
0.186390367437999999	-0.0003610253052400026
0.187290096107999987	-0.0002181213083399924
0.188189814553999996	-0.0002613810942999999
0.189089522724999987	-0.0002264725359400043
0.189989220572999995	-0.0004811329377400007
0.190888908048999995	-0.0003198876154799947
0.191788585103999987	-0.000250910360760007
0.192688251690000006	-0.0001720218475399944
0.193587907755999988	-0.0002923043014600012
0.194487553255000001	-0.000482391504760005
0.19538718813799999	-0.0005349871833539906
0.196286812355000007	-0.0001616422366400062
0.197186425856999997	-0.0000907024628660023
0.198086028595999997	-0.0004442370317080009
0.198985620523000006	-0.0008850016142799965
0.199885201589	-0.0007288523636200042
0.200784771745000007	-0.0002933288393480084
0.201684330942000001	-0.0002814395538699912
0.202583879131000011	-0.0002819705433100041
0.203483416263999989	-0.0004426746400479978
0.204382942291000014	-0.0004136137806799983
0.205282457164000009	-0.000452386714809995
0.206181960833	-0.0005743926365060076
0.207081453250999997	-0.0006581101425419938
0.207980934366999992	-0.0006871746751479953
0.208880404132999992	-0.0010849517678439956
0.209779862501000003	-0.0007805904920240008
0.210679309420999994	-0.0007924596843340032
0.211578744845	-0.0008380708098139969
0.212478168722999988	-0.0007768928695140037
0.213377581008	-0.0007794736885800065
0.214276981648999998	-0.000847403712730007
0.215176370598999994	-0.0009319946744480011
0.216075747808000013	-0.0008270002204739946
0.216975113226999999	-0.0008450353248000038
0.217874466807999989	-0.0007446009664239996
0.218773808502000011	-0.0008314328286420022
0.219673138260999989	-0.000810082609476008
0.220572456033999997	-0.0010168627210220029
0.221471761773999992	-0.0011382539676640033
0.222371055430999998	-0.0010360564170920038
0.223270336957999999	-0.0010539179910220037
0.224169606304000013	-0.0010530773424639976
0.225068863421999998	-0.0007896872564999991
0.225968108262000006	-0.0010715615598619957
0.226867340775999987	-0.0012887952702199945
0.227766560914999999	-0.0011333812996600044
0.228665768629999988	-0.0007919341072879955
0.229564963872000011	-0.0007853044848520098
0.230464146592000013	-0.0008705230078559986
0.231363316743000008	-0.0008473127845720057
0.232262474274999991	-0.0006896654603259968
0.233161619137999987	-0.0007663410566500061
0.234060751286000013	-0.0010016946183159983
0.234959870668000004	-0.0009184263771000005
0.235858977235999995	-0.0009247149932319985
0.236758070940999987	-0.0010265427091560048
0.237657151734999989	-0.0011003179049519987
0.238556219569	-0.0009514135835360024
0.239455274393999995	-0.001036276795559999
0.240354316161000003	-0.0010454807150780017
0.241253344822000004	-0.0009561971760620024
0.242152360326999994	-0.0010215219655139943
0.243051362629000012	-0.0013909062880379935
0.243950351677999999	-0.0014317325456520077
0.244849327425999991	-0.001373075063301997
0.245748289823999988	-0.0014956562376400029
0.246647238823999998	-0.0015431090042200054
0.247546174375999989	-0.001382509222030006
0.248445096431999995	-0.0012725215457120003
0.249344004942999992	-0.0010311139314939984
0.250242899861000012	-0.0011383643054959994
0.251141781136999975	-0.0011908833671780035
0.252040648721999994	-0.0014657403903940054
0.252939502566999985	-0.0015091941940899994
0.253838342624999991	-0.0015595343738299926
0.254737168846000006	-0.0012856416886900032
0.255635981181000005	-0.0011471406673000083
0.256534779581999994	-0.0010555831922260013
0.257433564000999981	-0.0011877146991519962
0.258332334388000018	-0.0011733623829559992
0.259231090694999999	-0.0013318537066419958
0.260129832873999989	-0.0014873791373459962
0.261028560874999982	-0.0016348633175619978
0.261927274651000019	-0.0014751798401900062
0.262825974151999986	-0.001459468093800001
0.26372465933	-0.0017221952330979951
0.264623330135999979	-0.0017326019254580004
0.265521986521999986	-0.0015557669819720038
0.266420628438999996	-0.0014464339153440024
0.267319255837999981	-0.0013378409516100007
0.268217868671000004	-0.0015439832265439924
0.269116466888999983	-0.0016406377313179996
0.270015050445000015	-0.0014308873340280002
0.270913619288000007	-0.0017578020499219964
0.271812173370000021	-0.0020885951535879951
0.272710712643999986	-0.0017298455996239935
0.27360923706000001	-0.001649846625258005
0.274507746569999989	-0.0014443495614780005
0.275406241125000006	-0.0016668571356279957
0.276304720677000015	-0.0016430083292140029
0.277203185176999989	-0.0016664276835680024
0.27810163457699999	-0.0014918975610399999
0.279000068827999992	-0.0012971692057580052
0.279898487881000024	-0.0013632710530559998
0.280796891687999983	-0.0015974257291679998
0.281695280200999987	-0.0017884105693599956
0.282593653371000009	-0.0019889258301479997
0.283492011149000023	-0.0019625860332900032
0.284390353486999981	-0.0015895174181340017
0.285288680337	-0.0014573572035280098
0.286186991649000022	-0.0013682748747040063
0.287085287375999976	-0.0016293043482640008
0.287983567469000001	-0.001749547635783999
0.288881831879999995	-0.0016340664357479967
0.289780080559000008	-0.0017126123985139966
0.290678313459000026	-0.0020953473572799981
0.291576530531000022	-0.0018485954629259994
0.292474731727000004	-0.0015726220231120011
0.293372916997000022	-0.0015319708446280018
0.294271086294000006	-0.0014380739481780012
0.295169239570000019	-0.0015046071385100002
0.296067376775000002	-0.0018381790723659992
0.296965497861999994	-0.0021152648821260046
0.297863602780999992	-0.0019295325812759955
0.29876169148499998	-0.0017595653624959962
0.299659763924999989	-0.0018310771244720026
0.300557820051999991	-0.0019019566354499997
0.301455859819000027	-0.001842816426004007
0.302353883175999982	-0.001709817003384002
0.303251890076000008	-0.0016541771710900013
0.304149880470000022	-0.0015453593592039978
0.305047854308999999	-0.0016125065944500045
0.305945811545000001	-0.0019405766854320057
0.306843752131000014	-0.0018054552945959996
0.307741676015999999	-0.0017390810622320008
0.308639583153999975	-0.0018084907448440053
0.309537473494999993	-0.0017403167403720055
0.310435346991999983	-0.0017785632986180126
0.311333203594999996	-0.0018000882992399974
0.312231043257000018	-0.0017456087307080037
0.31312886593	-0.00153771092805
0.314026671563999993	-0.0016710012984200015
0.314924460111999982	-0.0017601648703959999
0.315822231524999997	-0.0017218791008320015
0.316719985754000011	-0.0016988936624940023
0.317617722752999987	-0.001619720356926006
0.318515442471999977	-0.0014869898825819999
0.319413144862000009	-0.0013867436313960025
0.320310829876000014	-0.001480946758727994
0.321208497465999998	-0.0015632587379020013
0.322106147582000013	-0.0013608213933219929
0.323003780178000022	-0.0012727942094599952
0.323901395202999986	-0.0015328688262019902
0.324798992610999981	-0.0014658484397879964
0.32569657235299998	-0.0014402414425659978
0.32659413438099999	-0.0014518278941279949
0.327491678645999984	-0.0012630969519579968
0.328389205098999992	-0.0011225531804879962
0.329286713693999977	-0.0014620311077539992
0.330184204382000024	-0.0015449572942019974
0.331081677113999995	-0.0017953408209480052
0.331979131840999975	-0.0018170185330720033
0.332876568516999982	-0.001981162062521997
0.333773987092999991	-0.0020560475172099954
0.334671387519999974	-0.0019818092263360074
0.335568769749999995	-0.0017969421924919956
0.336466133735000006	-0.0019085566529020038
0.337363479427000013	-0.0019480518393080017
0.338260806778000023	-0.0023354034304639993
0.33915811573900001	-0.0022660339234580025
0.340055406263000015	-0.0023990628673179999
0.340952678299999978	-0.0025405533527419998
0.341849931803999974	-0.0022562821755020071
0.342747166724999997	-0.0021363865175539967
0.343644383015999977	-0.0021902375889619984
0.344541580627999999	-0.0019080229733739948
0.345438759513999993	-0.0020626164201239996
0.346335919624999988	-0.0020142741844900048
0.347233060912999991	-0.0018115035059020051
0.348130183328999976	-0.0016312141605739974
0.349027286827000016	-0.0014195522174319944
0.349924371356999997	-0.0012900999304139927
0.350821436870999981	-0.0014417775959580017
0.351718483322000008	-0.0015081887784779962
0.352615510660999998	-0.0014361313878200012
0.35351251884099999	-0.0016636474581119926
0.35440950781199998	-0.0017308851877920039
0.355306477527999986	-0.001588646860996001
0.356203427939000006	-0.0016564332883359989
0.357100358999	-0.0014220256054879952
0.357997270658000022	-0.0012708836458739962
0.358894162869	-0.0014317695084140013
0.359791035583000018	-0.0015278580773459994
0.360687888753999986	-0.0013082311722660009
0.361584722332000008	-0.0014343582263320054
0.362481536268999982	-0.0015383582585960041
0.363378330518000003	-0.0014822970815260043
0.364275105031000024	-0.0012770790004600005
0.365171859759000017	-0.0013139685085540014
0.36606859465399999	-0.001416688738459993
0.366965309668999984	-0.0013202566539780051
0.367862004755000027	-0.0012616110219820032
0.368758679864999994	-0.0013172148371240026
0.369655334951000003	-0.0014790115141240026
0.370551969964000028	-0.0011054581368339991
0.371448584856000019	-0.0008714067060500057
0.372345179580000019	-0.0009211802636159994
0.373241754087999977	-0.0008027324358279957
0.37413830833099998	-0.0009109088168740009
0.375034842262000012	-0.0008662508626639922
0.375931355833000025	-0.0011190649494020027
0.376827848994999992	-0.0014203808469899944
0.377724321701999988	-0.0010979453402340036
0.378620773904000008	-0.0010790977558680012
0.379517205555000014	-0.0010360472015400008
0.380413616605000004	-0.0010704062072239996
0.381310007007999996	-0.0008916607794440005
0.382206376715000018	-0.0008854089970219995
0.383102725679	-0.0011749225193000016
0.383999053851000027	-0.0012225212903939978
0.384895361182999996	-0.0011474372333780012
0.385791647628999979	-0.0014622258070560012
0.386687913138999972	-0.0014758715032139992
0.387584157666999995	-0.0014218574617400025
0.388480381164000021	-0.0013016570002959979
0.389376583582000002	-0.0013329876805759982
0.390272764873	-0.0014053975315560007
0.391168924990999978	-0.0013675700990460026
0.392065063885999987	-0.0011879840983259945
0.392961181511000013	-0.0010202976753240049
0.393857277818999985	-0.0009197958822440037
0.394753352760000009	-0.0006605478004159957
0.395649406289000027	-0.0010301824719920029
0.39654543835599998	-0.0011299548725419986
0.397441448914000017	-0.0009322261326200013
0.398337437916000015	-0.0008382759758959971
0.399233405313	-0.0007643294058279999
0.400129351058000016	-0.0007552289423959982
0.401025275101999978	-0.0008939824391760009
0.401921177399000018	-0.0009107573331999979
0.402817057900999975	-0.0007229368738800018
0.40371291655899999	-0.0006990383417140025
0.404608753325999992	-0.0008107813682
0.405504568153999989	-0.0007139964190039979
0.406400360994999987	-0.0006149150483719945
0.407296131803000005	-0.0006240962305040015
0.408191880529000017	-0.0007692044591179979
0.409087607124999975	-0.0009190893028520036
0.409983311542999995	-0.0007572655283840032
0.410878993736999987	-0.0006770319430100067
0.411774653657999978	-0.0005280801361340045
0.41267029125900001	-0.0005366146934839989
0.413565906491000002	-0.0006099415031700032
0.414461499308000025	-0.0006144336264879962
0.415357069661999978	-0.0004206571466959961
0.416252617504999978	-0.0004478934117259992
0.417148142788999976	-0.0006304525247019946
0.418043645467000013	-0.0007075469049299945
0.418939125490999986	-0.0007013450457579997
0.419834582813000012	-0.0004545326750580005
0.420730017386000021	-0.0003964356484820013
0.421625429162999998	-0.0005432769119820052
0.422520818096000006	-0.0005718638392540002
0.423416184136000018	-0.000526841055812001
0.424311527236999997	-0.000530182504197999
0.425206847351000006	-0.0006227313620979979
0.426102144430999974	-0.0006618346005039955
0.426997418427999986	-0.0005846518774620026
0.427892669296000006	-0.0002625041480799955
0.428787896986000006	-0.0003610860073299969
0.429683101451000027	-0.0004481817277859927
0.430578282643999999	-0.0003578625897259942
0.431473440518000018	-0.0003538038885179977
0.432368575023000024	-0.000248348184852005
0.433263686114000013	-0.000308341694327998
0.434158773742999993	-0.0004887131174220001
0.435053837862000026	-0.0006112447664839982
0.435948878423000008	-0.0004225243727580029
0.43684389537899998	-0.0003288255361579943
0.437738888682999983	-0.0002642389131659994
0.438633858288	-0.0001496848884679942
0.439528804145000007	0.0000895871763060031
0.440423726206999988	-0.0001425319461220032
0.441318624426999984	-0.0004466216739060095
0.442213498757000001	-0.0003820865807040007
0.443108349151000003	-0.0004135343395860027
0.444003175560000019	-0.000449003488065999
0.444897977936999978	-0.0000690055779660002
0.445792756234999976	0.0001123217460599997
0.446687510406000021	-0.0000107566761839966
0.447582240402999987	-0.0001721592224859982
0.448476946177999991	-0.0001467256251199978
0.449371627684999997	-0.0002988193591059937
0.450266284874999978	-0.0002249281944559991
0.451160917702000008	-0.0000334420894700007
0.452055526117999984	0.0001489449933980043
0.452950110076000001	-0.000064283974544002
0.453844669528000011	-0.0000877823080140004
0.454739204426999999	-0.0001199638924899993
0.455633714726000005	-0.0000876028655860022
0.456528200376999982	-0.0001329163179999999
0.457422661333000025	0.000096892810365996
0.458317097547000008	-0.0000284025815840061
0.459211508972000026	0.000067116484739998
0.460105895559	0.0002487802472220055
0.461000257262999979	-0.0000128688695640042
0.461894594034999995	-0.0000677504447339971
0.462788905829000008	0.0000522046171020077
0.463683192597000027	0.0002397442378540005
0.464577454291000003	0.0001519182092480017
0.46547169086500001	0.0000440302133299974
0.466365902271999977	0.0001699570257199974
0.467260088464000023	0.0001596093859039987
0.468154249392999988	0.000133841342283998
0.46904838501399998	0.0000946775394859998
0.469942495278000027	-3.6984803840033e-6
0.470836580138000005	-0.0001084763805740043
0.471730639547999986	0.0001804340693319952
0.472624673459	0.000370018305899996
0.47351868182500001	0.0003668546862180032
0.474412664599	0.0003617067062800005
0.475306621732999979	0.0003304312191680058
0.476200553181000019	0.0002290211490779967
0.477094458895000018	0.0003421901498840019
0.477988338828000015	0.0002972515146700029
0.478882192932000017	0.0001334107257180018
0.479776021162000021	-9.441747787998e-6
0.480669823469000002	-0.0002071138565599975
0.481563599806999976	0.0000637073282580038
0.482457350128999984	0.0000723789603780042
0.483351074386999979	0.0002493885532559997
0.484244772534000001	0.0003497692774679945
0.485138444522999979	0.0001668358273120025
0.486032090307999987	0.0001915688538040011
0.486925709840999976	0.0004675763809879963
0.487819303074999988	0.0005049685761179959
0.488712869963000007	0.0004783199932539978
0.489606410458000019	0.0004840641893780013
0.490499924513000007	0.0004137234556740007
0.491393412081000014	0.0003213656454040025
0.492286873115000023	0.0002905466877199999
0.49318030756800002	0.0004462714781439964
0.494073715394000024	0.000596951997227999
0.494967096544000007	0.000437451192074007
0.495860450971999989	0.0002076994604520059
0.496753778631999987	0.0001936703193340036
0.497647079474999976	0.0002477583654059996
0.498540353456000007	0.0002830063472699998
0.499433600526999977	0.0003185348204700058
0.500326820641999959	0.0006166376896239957
0.501220013751999982	0.0006716364453120023
0.502113179812999966	0.000528244779248001
0.503006318775999994	0.0008298005183900014
0.503899430593999997	0.000804699860479997
0.504792515221999971	0.0006707966938440061
0.505685572611	0.0006478245423520001
0.50657860271599997	0.000324214899723999
0.507471605489000055	0.0003282735923079965
0.508364580882999961	0.0004273188201779927
0.509257528850999952	0.000681266839535997
0.510150449347000046	0.0006535570916999948
0.511043342325000038	0.0007034119216219915
0.511936207736000015	0.0005220976130420052
0.512829045533999994	0.0004880278870519981
0.513721855672000016	0.0006885038549380006
0.514614638104999966	0.0005418009800339978
0.51550739278400004	0.0004016238803780069
0.516400119663000035	0.0007419217809000057
0.51729281869499999	0.0008105461005839983
0.518185489834000035	0.0008337234331620034
0.519078133032000011	0.0008075340865900003
0.519970748244000025	0.0007490303761500021
0.520863335422000029	0.0007394956029379996
0.521755894518999952	0.0008964995388979951
0.522648425489000035	0.0008188047978239972
0.523540928284999985	0.0006969727133980027
0.524433402861000042	0.0004365018328820001
0.525325849169000048	0.0005875801248920011
0.526218267163999998	0.0006770845518180016
0.527110656796999977	0.0009565120412639962
0.528003018023999959	0.001018168666265998
0.52889535079600003	0.0008084519861340008
0.529787655067999963	0.0006128141945439952
0.530679930792000043	0.0007465514514939956
0.531572177923000044	0.0008475973733879996
0.53246439641300003	0.0009921991586659979
0.533356586215000039	0.0007181678109039989
0.534248747283999958	0.0007293038015680027
0.53514087957300005	0.0009344471683860045
0.536032983035000021	0.0011051037975860003
0.536925057623000024	0.001014238239724
0.537817103290999965	0.0009481014721299946
0.538709119992999974	0.0007017160664479988
0.539601107681000003	0.0007859183442479982
0.540493066310000048	0.0006438522816599995
0.541384995831999949	0.0008580191614420002
0.542276896200999947	0.0008752766083199946
0.54316876737099995	0.0008229922424939995
0.544060609294999997	0.0010516108220700003
0.544952421926999997	0.0010000620819799978
0.545844205219999989	0.0010229726741860044
0.546735959127999993	0.0009436531065340021
0.547627683604000048	0.0009195440089920029
0.548519378600999974	0.0010520375184199966
0.549411044073999988	0.0009883355722180038
0.55030267997600002	0.0010442493651360019
0.551194286259999999	0.0012740601883699998
0.552085862879999945	0.0012847488074979995
0.552977409789999985	0.0010940810344400014
0.553868926943000051	0.0009757605880680066
0.554760414291999959	0.0009285090013180014
0.55565187179200004	0.001166003684957998
0.556543299396000002	0.0012378316206980017
0.557434697056999995	0.0012252516525499985
0.558326064730000016	0.0010939173340720008
0.559217402367999994	0.0008888894593880019
0.56010870992399997	0.0010228187481300015
0.560999987351999962	0.0012793763745740008
0.56189123460599999	0.0014467797854999988
0.562782451639999959	0.001408235099757996
0.563673638406000044	0.0012139713655839966
0.564564794859999997	0.001019616664455999
0.565455920954999969	0.0010817775960879983
0.566347016643000023	0.0012071636008160035
0.567238081880000022	0.001140518119432
0.568129116619000008	0.0012103373882760031
0.569020120813000019	0.0012808138794499968
0.569911094417000053	0.0014280810476759963
0.570802037382999949	0.0015213566650539986
0.571692949667000017	0.0014418002926779965
0.572583831220999984	0.001501251547451999
0.57347468199899998	0.0013088023316140023
0.574365501956000002	0.0014169484786539996
0.575256291044999979	0.001264262422254003
0.57614704922000004	0.0011703616234440021
0.577037776434000005	0.0011444194482900004
0.57792847264199998	0.0011845787856179981
0.578819137797999983	0.0010883914032280041
0.579709771853999967	0.0011131995619499992
0.580600374766000016	0.0012972541332099989
0.581490946486999949	0.0012875990939379967
0.582381486970000028	0.0011759923901839969
0.583271996170000029	0.001107097516699994
0.584162474040999968	0.0012884926727040015
0.585052920536999976	0.0014687196376620016
0.585943335610999982	0.0014892051263419997
0.586833719217999983	0.0014730594930980074
0.587724071311000018	0.001238679854142004
0.588614391843999996	0.0013009616813839968
0.589504680772000023	0.0011972849344839987
0.590394938048000029	0.0007955991394860053
0.591285163626000032	0.0010383334822279969
0.592175357460000051	0.0011647098515359952
0.593065519504999972	0.0013124465369579938
0.593955649713999945	0.0013982488670540028
0.594845748040999989	0.0013448176463299964
0.595735814440999989	0.0012774436690680029
0.596625848866999986	0.0012179860904080013
0.597515851272999998	0.0011290195769720025
0.598405821614000022	0.0011582213354859984
0.599295759842999987	0.0012313049993120002
0.600185665915	0.0017155421310519978
0.601075539783999968	0.0015843313137739986
0.601965381404000022	0.0013611414329519978
0.602855190727999979	0.0010549795197800013
0.603744967710999947	0.0009843294762540049
0.604634712308000033	0.0011326952355499974
0.605524424471999945	0.000830241857752002
0.606414104158000011	0.0011597430654260001
0.607303751319000051	0.0011528908762180002
0.608193365908999972	0.0007565337742260012
0.60908294788399997	0.001121951176763997
0.609972497196999974	0.0011206423891000029
0.610862013802000003	0.0010904602536940047
0.611751497654000054	0.0010691132008900034
0.612640948707000033	0.0010774744483100004
0.613530366913999981	0.0011796738185240064
0.614419752230999983	0.0009019087713680006
0.615309104610999968	0.0012821635423260012
0.616198424009000045	0.001278892572266003
0.61708771037900001	0.0010018914031299994
0.617976963674999991	0.0011492314478740015
0.618866183851999985	0.0009034777087579991
0.61975537086400001	0.0010145671816600014
0.620644524664999975	0.0010120977499779981
0.621533645209000007	0.001496488879695999
0.622422732450999994	0.0012700241656719994
0.623311786344999952	0.0010749474971520016
0.624200806845999989	0.0013024998901720024
0.625089793908000013	0.0010334792882399999
0.625978747485000042	0.0014153790194099975
0.626867667530999984	0.0013592907732220012
0.627756554000999945	0.001475898448710003
0.628645406850000032	0.001174347468757996
0.629534226032000044	0.0009091306420079999
0.630423011500999997	0.0011206815813540006
0.631311763211000021	0.0012817884515160024
0.63220048111799998	0.0012276668034480066
0.633089165175000024	0.001228524815447999
0.633977815337000039	0.0011863106766819964
0.634866431558000044	0.0009443044154560038
0.635755013794000012	0.0012901892013639981
0.636643561997999985	0.0009825528700599948
0.63753207612399998	0.0011429083279400065
0.63842055612899995	0.0009823242242179998
0.639309001964999957	0.0012593520947219976
0.640197413586999997	0.0011328853559619979
0.641085790951000045	0.0009982951423280059
0.64197413401000003	0.0012422081783959975
0.642862442720000038	0.0012062146886959967
0.643750717033999997	0.0012904476084720012
0.644638956907000016	0.0008672757471500005
0.645527162294999957	0.0008677073903440007
0.646415333150999971	0.00099610349496
0.647303469429999945	0.000819781119119998
0.648191571086000007	0.0010029184541560064
0.64907963807500002	0.0012021892541260026
0.649967670351000004	0.0010679132619260002
0.650855667868999954	0.0012026061943360006
0.651743630583	0.0013319788209720049
0.652631558448000026	0.0013612584815020038
0.65351945141900003	0.0011896035701659952
0.65440730945000003	0.0010738245678199951
0.655295132496999999	0.0007668118855280025
0.656182920512999979	0.0011015736120020018
0.657070673452999965	0.0014414685673040019
0.657958391273000043	0.0010423325187439991
0.658846073927000009	0.0012011605020379994
0.65973372136999997	0.0010207804141460011
0.660621333557000034	0.001178147311814
0.661508910441999998	0.0008574856192619966
0.662396451979999967	0.0009463827692080002
0.663283958126000051	0.0009524017903700041
0.664171428834000044	0.0009996215855339989
0.66505886406100001	0.0009705332091139995
0.665946263759000012	0.0012676836175980061
0.666833627885000002	0.0012245500671219985
0.667720956393999976	0.0013511788916340008
0.668608249238999974	0.0009940516837939981
0.669495506375999971	0.0011621006097980039
0.670382727759999963	0.0010866774749119972
0.671269913344999969	0.001211920654488002
0.672157063088000051	0.0011610449796160003
0.67304417694100005	0.0010681524923499986
0.673931254861000029	0.0009154022129299992
0.674818296802999984	0.0008583058237980031
0.675705302721000045	0.0013442386848200039
0.676592272569999986	0.0010946841578280001
0.677479206306000004	0.001120424574916002
0.678366103882000027	0.0013015735765579996
0.679252965255000007	0.0011342588831519968
0.680139790380000053	0.0009866259890460027
0.681026579209999983	0.0011131117779500013
0.68191333170199997	0.0008235075269459975
0.68280004781100001	0.000810465409209999
0.683686727490000035	0.0012318182042279973
0.684573370696999972	0.001426792381202001
0.685459977383999997	0.0016232742827660043
0.686346547509000038	0.0013637178346479961
0.687233081025000026	0.001281171716391998
0.688119577888000045	0.0014263938055799974
0.689006038052999981	0.0012292938045679993
0.689892461475000052	0.0012288307770259941
0.69077884811000001	0.0011113933299840015
0.691665197911000007	0.0009935081458840051
0.692551510835999973	0.0012456880712839978
0.693437786837999948	0.0008250805393919987
0.694324025873000017	0.0009627143357860048
0.695210227895999955	0.0011840284218780041
0.69609639286199998	0.0010039117847600006
0.696982520726999955	0.0011591780490659998
0.697868611445999987	0.0014247710017200009
0.698754664972999984	0.001560575804674
0.699640681265000008	0.0010815485362880009
0.700526660276999946	0.0012033813715500007
0.701412601963000038	0.0011593661757520034
0.702298506279000034	0.0012967582518480028
0.703184373181000022	0.0014518914119339959
0.704070202623000019	0.0013289215005840033
0.704955994561999977	0.0014556413677439938
0.705841748951000048	0.0014754548273020049
0.70672746574800005	0.0014506300870019903
0.707613144906000024	0.0015231680299700057
0.708498786382000034	0.0015993996660919937
0.709384390130999964	0.0013584385575380019
0.710269956106999945	0.0014251066316500012
0.711155484267000038	0.0012501171865020016
0.712040974566999996	0.0012669537594660035
0.71292642695999997	0.0013807657034939956
0.713811841403000025	0.0014803004479560016
0.714697217852000022	0.0013107812992219922
0.71558255626099998	0.0012698008021500042
0.716467856586999963	0.0011894862276620012
0.717353118783999988	0.0015850333528440001
0.71823834280800003	0.0016098724235580064
0.719123528614999952	0.001547339437798001
0.720008676159999972	0.0013519110445059969
0.720893785397999975	0.001141164964630007
0.721778856286000026	0.0013893850910400001
0.722663888779000008	0.0015501647923340019
0.723548882832000029	0.0015593393269279958
0.724433838400999952	0.0013744399534339983
0.725318755440999996	0.001373870266507999
0.726203633908000024	0.0015439059050879932
0.727088473758000009	0.0014200355500379961
0.727973274945999949	0.0013353403077160045
0.728858037428000039	0.0011886234600999961
0.729742761160000031	0.0011528135568320014
0.730627446096000055	0.000983781726270002
0.731512092194000041	0.0012039530209940075
0.732396699408000007	0.0013381408729319956
0.733281267694000038	0.0014597094567520008
0.734165797007999998	0.0015714115287660015
0.735050287305999972	0.0017262635860060011
0.735934738542999956	0.0018282683098760025
0.736819150675000034	0.0012882425042719968
0.73770352365799996	0.0014148419446059985
0.738587857446999951	0.0017155145667759998
0.73947215199899996	0.001684640501868004
0.740356407268999983	0.0020276698799400012
0.741240623212000016	0.0019018451222199998
0.742124799785999989	0.0018866582734999981
0.743008936944000054	0.0017040591012180027
0.743893034644000029	0.0017039265486520003
0.744777092841999999	0.0016656486502360035
0.745661111491999984	0.0018150639389379964
0.746545090551000046	0.0011625472898819985
0.747429029975000048	0.0014908381599759955
0.748312929718999986	0.0015654183098780059
0.749196789740000035	0.0018294015269079977
0.750080609992999969	0.0020687912124500041
0.750964390434999962	0.0014983820971319946
0.75184813102100001	0.0017786635947879999
0.752731831706999977	0.0016993835529559992
0.753615492448999946	0.0016349949901079928
0.754499113203000005	0.0018931716940619979
0.755382693925999993	0.0019367208147379952
0.75626623457200004	0.0020520779789039989
0.757149735098999965	0.0018341416434880051
0.758033195461999987	0.0014925941871659996
0.758916615616999968	0.002111191268381999
0.759799995519999993	0.0017204826286640051
0.760683335127000038	0.0018884897377359992
0.761566634393999964	0.0016529837797059979
0.762449893277999946	0.001939387418056002
0.763333111733999981	0.002423665847265998
0.764216289719000019	0.0018861483744060025
0.765099427189000036	0.0017984026294839998
0.765982524099000028	0.0015832692039220069
0.766865580405999947	0.0013697143086420002
0.767748596065999989	0.0012050349711500014
0.768631571035000016	0.0016052722862879999
0.769514505269999982	0.0016032124107199976
0.770397398725999993	0.0017454350392739999
0.771280251360000002	0.0019458375850280006
0.772163063127999982	0.0021037546917219985
0.773045833986000019	0.0020950401463340051
0.773928563890999954	0.0021240102896720034
0.774811252798000005	0.0021690228811240024
0.775693900664000013	0.0022748829375799995
0.776576507444999953	0.0016810906786520023
0.777459073097999997	0.0018333843632400036
0.778341597579000011	0.0018890459527519925
0.779224080842999989	0.0016796594158579974
0.780106522847999972	0.0019313011927720013
0.780988923548999958	0.0018129736730260002
0.781871282903999987	0.0020707808613359986
0.782753600868000054	0.0018848394447199979
0.783635877398000002	0.0015816319323740027
0.784518112449000049	0.0015889429793860006
0.785400305979999991	0.0013660406862720017
0.786282457944999957	0.0012327442931779993
0.787164568301000012	0.0015706490186780031
0.788046637005999973	0.0013319408928920001
0.78892866401399997	0.0014202491107239996
0.789810649283000044	0.0019839700450679952
0.790692592768999947	0.0017536738015019974
0.791574494428999964	0.0015545523217239988
0.792456354218999959	0.0020991203147820003
0.793338172095999994	0.0016954860849379919
0.794219948014999955	0.0023422472121539971
0.795101681933999993	0.0020182660819580032
0.795983373808999972	0.0017093988286800005
0.796865023596999955	0.0020213526041419991
0.797746631255000005	0.0013403562313320013
0.798628196738000007	0.0009848552553100003
0.799509720003000024	0.0014525966194139997
0.800391201007999986	0.0014959850786640076
0.801272639708000001	0.001630244416767998
0.80215403606000002	0.0016057665182939995
0.803035390021999973	0.0015477551384740062
0.80391670154799999	0.0020656235834199963
0.804797970596999979	0.0011691287614900032
0.805679197125000024	0.0012933343159620024
0.806560381088999967	0.0018673765556140014
0.807441522445000004	0.0012096177453379976
0.808322621148999998	0.0020673702798659982
0.809203677159999968	0.0019465591526820012
0.810084690433000021	0.0015161184165939983
0.810965660924999998	0.001752013853504002
0.811846588592999963	0.0015497794821819986
0.812727473393999977	0.0015359693213120003
0.813608315284000017	0.0017126633949200018
0.81448911422100001	0.0009317607383060008
0.815369870159999954	0.0021840690394019976
0.816250583059999979	0.0022129494735160012
0.817131252876999947	0.0020200817959439947
0.818011879567000055	0.0019821672944660001
0.818892463088000011	0.0014322032021179985
0.819773003396000011	0.0019624234037620009
0.820653500448000006	0.0015781315952440034
0.821533954202000038	0.0013381313711820003
0.822414364613999971	0.0019916512796299985
0.823294731640999977	0.0021526065266820015
0.824175055239000032	0.0017305259687899963
0.825055335367000042	0.0021601678424020008
0.825935571980999983	0.001999961166979999
0.82681576503700005	0.0017880555447400033
0.82769591449400004	0.002142213695720002
0.82857602030699995	0.0019260643797720002
0.829456082434000042	0.0019949913422000008
0.830336100832000046	0.0018516730728939945
0.831216075458000025	0.0012554484960279975
0.832096006269000044	0.0016597947506940044
0.832975893222000052	0.002066548067973995
0.833855736274999981	0.0020033710043420045
0.834735535383000049	0.0021842067097120003
0.835615290505000052	0.0027823042973600023
0.836495001598000054	0.0020208467842820002
0.837374668618000029	0.0018253889557680002
0.838254291523000017	0.0022381755849419996
0.839133870269999971	0.0023023147454060049
0.840013404815999953	0.0021988044187679998
0.840892895118000028	0.0020089793934259977
0.841772341134000013	0.0023868399959700035
0.842651742819999994	0.0024738330572060003
0.843531100134999989	0.002488235687367996
0.844410413033999996	0.0022449096632599997
0.845289681476000032	0.0022309489421119934
0.84616890541800005	0.0020632748812220072
0.847048084817000002	0.0019910238411280021
0.847927219629999951	0.0023046490100520041
0.84880630981399996	0.0024109075287319977
0.849685355328000047	0.0021716770979180013
0.850564356126999988	0.0019254311623700037
0.851443312170000022	0.0018394172120139987
0.852322223414999969	0.0019112709795519964
0.853201089817000047	0.0019818631410360027
0.854079911335000053	0.0019743418594739999
0.854958687926000049	0.0017958770813260062
0.855837419546999989	0.0020574665084180013
0.856716106157000001	0.0024165168720919989
0.85759474771199995	0.0022704396823140013
0.858473344169000008	0.001817231534306003
0.859351895486999973	0.001962384226449997
0.86023040162200004	0.0024548924706340042
0.861108862533000008	0.0027224693669339953
0.86198727817599996	0.002741284310068
0.862865648510000027	0.0026220840137579993
0.863743973490999961	0.002052309492030004
0.864622253077000025	0.0018004590267140025
0.865500487227000015	0.0019492128088200002
0.866378675896000039	0.0018726295931200017
0.867256819043999983	0.0016608655682080007
0.868134916627000042	0.0026022358492540009
0.869012968604000013	0.002882441368954004
0.869890974930999983	0.0023669431582180001
0.870768935566999969	0.0023717742740719996
0.871646850467999945	0.0027359165428839996
0.87252471959400002	0.0029177274265759995
0.873402542900999945	0.0024648616441680024
0.874280320346999984	0.0022810193432560031
0.875158051888999977	0.0024790223942979944
0.876035737487000032	0.0027950113901819926
0.876913377096000035	0.0027259859761859994
0.877790970675999982	0.0024679362311739901
0.878668518182999958	0.0023849671556579995
0.879546019575999982	0.0021947034391600019
0.880423474812000006	0.0026599955290000001
0.881300883848999961	0.002732281810299996
0.882178246644999997	0.0029377661781300008
0.883055563156999956	0.002750110587443998
0.883932833343999969	0.0031935033561579975
0.884810057163999963	0.0029063130959540032
0.885687234574000004	0.0029521183280380048
0.886564365532000021	0.0033252402442739927
0.887441449996000053	0.0027723926519859967
0.888318487924000033	0.0023654919656259949
0.889195479274	0.0027750396560779957
0.890072424003000018	0.002894943207000001
0.890949322069999994	0.0025354895801180007
0.891826173432999969	0.0023770357589660025
0.892702978049999985	0.0026369447132240003
0.893579735877999992	0.0024736722150880061
0.894456446876000011	0.0018946056811799958
0.895333111000999993	0.0014973721935920047
0.896209728211999956	0.002373279461491999
0.897086298467000054	0.003131848329534003
0.897962821723000015	0.0028032962178720046
0.89883929793899997	0.0018643545042400008
0.899715727074000049	0.0025496971982779991
0.900592109084000003	0.0028805545873319986
0.901468443927999963	0.0030578130396859927
0.902344731563999969	0.0027706335655279957
0.90322097195100004	0.0027414862497940045
0.904097165046999995	0.0024425860977820065
0.904973310809000009	0.0022382721910020002
0.90584940919500001	0.0026917705932580022
0.906725460164999997	0.0032944864420739982
0.907601463676000031	0.0029638605150719985
0.908477419687000021	0.0024287873620899986
0.909353328155000029	0.0022396304405419998
0.910229189038999964	0.0023289093931739974
0.911105002296999977	0.0020171092145959942
0.911980767887999977	0.0025437882553579942
0.912856485769000026	0.0027828918199980027
0.913732155900000009	0.0028898660926659995
0.914607778237999991	0.0030710408776320006
0.915483352741000012	0.002689295736873998
0.916358879368999957	0.0023752841341000029
0.917234358079000001	0.0021865730875440022
0.918109788828999962	0.0028152970219540059
0.918985171578999949	0.0029843241861900018
0.919860506286000024	0.002737774918588
0.920735792909999962	0.0026851664768299957
0.921611031406999959	0.0025161587178820031
0.92248622173799999	0.0027147942290079996
0.923361363859000028	0.0028201610872479951
0.92423645773100005	0.0025088240906039963
0.925111503310000027	0.0025237589450740018
0.925986500557000047	0.0024952338980959964
0.926861449427999973	0.0020398251564820013
0.927736349883000022	0.0025431612758420015
0.928611201880999992	0.0026742128016099959
0.929486005378999947	0.002782516663742002
0.930360760336999992	0.0021845799012259999
0.931235466711999971	0.0012103900646680092
0.932110124464999967	0.0017474127673280052
0.932984733551999956	0.0024251154025679983
0.933859293933000045	0.0027302074166340035
0.934733805567000031	0.0022054881192239981
0.935608268410999977	0.0027721117711640032
0.93648268242499999	0.0029803350547579982
0.937357047567999979	0.0028277073022480014
0.938231363797999984	0.0029196278511399981
0.939105631074000025	0.0034056097233560005
0.93997984935400003	0.003310879040270001
0.940854018597000019	0.0025493313864740023
0.941728138762999989	0.0027714711449359974
0.942602209809000002	0.0033294811463340018
0.943476231694999945	0.0029523804397120039
0.944350204378999969	0.002822300393575998
0.945224127819999982	0.0029253544989000036
0.946098001977000003	0.0023942950671040032
0.94697182680900005	0.0022338465093140018
0.947845602274000054	0.0020442017744639997
0.948719328332999989	0.0018192885053720052
0.949593004942000052	0.0026919255643099976
0.950466632061999994	0.0029225981361619986
0.951340209650999968	0.0031819264006840006
0.952213737667999993	0.0040662081349820047
0.953087216071999976	0.0041219976992799964
0.953960644822000048	0.0015119226658859997
0.954834023877000004	0.0010263933412120009
0.955707353194999998	0.0015466404108580032
0.956580632737000003	0.0022976865330819954
0.957453862460999949	0.003627664128393996
0.958327042324999989	0.0044287484690800002
0.959200172289999986	0.0039343006126520072
0.960073252313000003	0.0025481143012659972
0.960946282355000014	0.0010315795044419981
0.96181926237399995	0.0010881675899539972
0.962692192329000052	0.0014642146934300002
0.963565072179000004	0.0026301955383100026
0.964437901884000026	0.003395826726856001
0.965310681402000048	0.0031741052664720042
0.966183410692999955	0.003241031617559998
0.967056089715999989	0.0022816392519320015
0.967928718429999946	0.0037542647910279959
0.968801296793999955	0.0032326020964499966
0.969673824768000015	0.002437300290988007